01 189658 193089
02 222248 239543
03 317875 334750
04 349052 357571
05 291766 308480
06 154229 157428
07 222071 230763
08 287515 301513
09 182326 190848
10 242311 253903
11 162028 171191
12 340517 362238
13 350093 365058
14 109281 113168
15 264848 276915
16 357850 376381
17 306678 312878
18 191280 196028
19 161958 164264
20 236317 249395
21 146361 150211
22 401516 415394
23 147821 152302
24 250680 259430
25 150511 156221
26 284306 296545
27 272339 282177
28 240412 248862
29 403139 426806
30 177938 189343
31 121295 126720
32 204977 216747
33 337120 351315
34 213780 222245
35 325441 352485
36 127996 128494
37 226292 228757
38 201863 211384
39 189623 198009
40 900465 1025869
51 159544 165073
52 145421 152438